 train :  0.809999942779541 0.675 
 test :  0.8099999547004699 0.6866666666666666 
 valid :  0.8099999547004699 0.6866666666666666 
 __________ 
