 train :  0.809999942779541 0.7895833333333333 
 test :  0.809999942779541 0.85 
 valid :  0.809999942779541 0.7666666666666667 
 __________ 
###############################################
 train :  0.809999942779541 0.825 
 test :  0.809999942779541 0.6833333333333333 
 valid :  0.809999942779541 0.8166666666666667 
 __________ 
###############################################
 train :  0.809999942779541 0.7979166666666667 
 test :  0.809999942779541 0.7833333333333333 
 valid :  0.809999942779541 0.7333333333333333 
 __________ 
###############################################
