 train :  0.809999942779541 0.8270833333333333 
 test :  0.809999942779541 0.9166666666666666 
 valid :  0.809999942779541 0.8 
 __________ 
 train :  0.809999942779541 0.81875 
 test :  0.809999942779541 0.9166666666666666 
 valid :  0.809999942779541 0.8 
 __________ 
 train :  0.809999942779541 0.8208333333333333 
 test :  0.809999942779541 0.9166666666666666 
 valid :  0.809999942779541 0.8 
 __________ 
