 train :  0.809999942779541 0.505 
 test :  0.809999942779541 0.56 
 valid :  0.809999942779541 0.56 
 __________ 
